0: 82 116 4 96 298 286 184 104 58 68 15 309             
1: 131 274 175 103 232 260 208 40 215 141 78 236             
2: 173 235 242 302 113 135 195 11 243 151 149 148             
3: 38 135 162 47 66 302 193 149 90 235 141 2             
4: 298 286 116 58 253 184 0 314 183 104 82 225             
5: 288 278 67 89 69 276 9 273 144 206 101 83             
6: 91 301 269 158 185 284 285 224 70 268 315 39             
7: 102 167 229 292 246 33 19 316 132 211 181 265             
8: 214 79 80 49 114 218 294 87 133 249 56 73             
9: 69 276 89 172 259 306 144 288 101 241 187 16             
10: 267 22 165 209 187 241 16 169 126 259 172 121             
11: 195 151 113 233 173 2 242 243 235 302 20 29             
12: 289 15 104 225 109 184 171 234 315 58 13 96             
13: 171 234 109 225 115 289 24 12 285 227 15 104             
14: 192 179 290 36 159 311 312 42 124 111 71 307             
15: 104 289 12 315 225 96 70 184 109 58 234 171             
16: 241 209 259 187 10 105 172 267 165 22 9 276             
17: 100 156 46 35 148 174 90 149 194 47 65 97             
18: 77 296 230 265 316 74 238 261 321 186 198 203             
19: 33 181 316 102 254 229 7 292 265 77 321 230             
20: 29 233 99 189 195 222 11 303 201 113 178 151             
21: 110 223 37 196 182 320 146 57 108 180 73 152             
22: 267 10 165 169 121 126 209 187 241 16 220 259             
23: 130 297 48 120 256 257 68 280 190 70 263 269             
24: 227 285 268 234 204 13 284 60 158 171 91 264             
25: 161 295 32 43 194 35 94 106 279 65 100 62             
26: 128 154 193 118 291 246 147 162 139 260 28 167             
27: 263 107 280 213 54 117 28 160 236 120 299 277             
28: 117 147 107 27 236 118 128 260 280 26 263 154             
29: 20 189 233 222 178 99 201 303 195 270 112 113             
30: 93 203 238 321 74 230 254 198 190 261 77 296             
31: 305 220 319 126 188 165 121 262 22 63 10 111             
32: 295 161 25 43 106 279 35 194 100 62 250 65             
33: 19 181 102 316 254 292 229 7 256 167 265 190             
34: 244 272 197 205 237 313 317 49 255 155 87 133             
35: 194 100 65 32 17 295 94 161 46 25 106 43             
36: 179 159 124 192 111 14 42 311 188 212 312 176             
37: 21 182 57 196 110 223 180 108 134 320 88 226             
38: 66 302 135 3 235 191 201 2 113 173 242 195             
39: 240 224 93 252 92 190 297 301 269 30 185 130             
40: 299 175 236 282 157 103 131 1 260 274 215 53             
41: 123 119 275 231 300 266 169 207 153 308 88 143             
42: 311 111 176 312 248 63 71 179 36 318 188 159             
43: 279 32 295 106 161 62 25 250 35 45 100 194             
44: 283 273 186 265 18 132 296 229 316 77 64 138             
45: 46 250 106 100 156 279 35 17 43 62 32 295             
46: 45 100 156 250 17 106 35 279 32 194 43 148             
47: 90 149 148 135 136 235 78 242 3 174 2 173             
48: 257 68 23 96 70 315 130 82 309 216 297 120             
49: 87 214 79 8 80 114 133 73 205 34 255 249             
50: 164 75 137 239 140 125 217 98 271 264 317 95             
51: 55 168 53 157 127 251 86 103 215 282 175 131             
52: 293 56 294 218 152 114 80 79 8 146 214 87             
53: 168 251 86 55 215 103 157 51 131 175 142 40             
54: 213 160 27 263 277 299 282 236 107 280 117 40             
55: 51 168 53 251 157 86 103 215 175 127 131 282             
56: 293 52 218 294 152 114 80 79 8 87 146 214             
57: 108 182 134 196 37 287 88 21 150 59 320 155             
58: 184 298 253 4 286 225 104 12 116 289 109 15             
59: 150 199 287 170 108 308 57 231 134 72 247 313             
60: 204 268 264 284 227 125 158 24 75 140 164 217             
61: 247 64 72 228 199 308 143 258 170 231 300 59             
62: 279 43 106 250 32 295 161 45 25 46 35 100             
63: 176 262 202 248 306 42 318 319 126 111 311 172             
64: 61 228 247 72 258 143 308 199 300 231 186 44             
65: 194 94 35 81 142 97 174 86 251 215 100 17             
66: 38 201 302 191 189 113 177 195 2 235 135 173             
67: 278 5 288 273 144 206 69 276 89 9 83 84             
68: 257 48 96 82 70 315 309 23 216 0 15 104             
69: 9 276 89 144 288 172 306 101 259 5 241 187             
70: 315 96 15 48 68 104 289 269 12 257 91 6             
71: 312 318 248 307 311 42 176 122 245 290 63 310             
72: 247 61 308 199 64 228 231 150 59 170 143 300             
73: 133 87 255 155 320 205 114 313 196 80 49 182             
74: 238 321 230 203 261 77 296 198 30 18 93 316             
75: 164 50 137 239 140 125 217 264 271 98 60 95             
76: 281 166 210 206 129 83 200 122 177 245 219 191             
77: 230 18 321 74 238 296 316 265 261 203 30 198             
78: 136 232 174 97 274 208 141 81 142 1 90 131             
79: 8 80 214 114 218 49 87 294 133 56 73 152             
80: 114 79 218 8 87 294 214 49 133 56 73 152             
81: 142 97 174 232 215 86 65 78 251 131 136 103             
82: 0 96 68 116 257 104 315 309 70 15 48 4             
83: 206 122 144 76 101 281 306 166 278 202 210 67             
84: 219 211 138 139 162 132 193 67 3 291 246 273             
85: 163 198 304 237 261 197 186 244 296 170 203 74             
86: 251 215 53 103 168 142 131 81 55 175 157 97             
87: 133 73 49 114 80 255 79 155 205 8 214 218             
88: 134 266 226 57 108 37 150 231 180 182 59 41             
89: 276 9 69 105 259 288 5 258 16 241 278 187             
90: 47 149 148 136 174 78 135 17 232 97 235 3             
91: 6 301 269 158 285 284 185 268 227 315 70 224             
92: 252 217 185 224 140 125 39 301 240 98 264 304             
93: 30 203 190 321 254 238 240 74 39 230 198 77             
94: 65 194 251 86 142 81 35 215 53 97 168 25             
95: 271 317 137 239 249 145 50 75 164 98 34 197             
96: 315 70 68 82 15 48 104 257 289 12 0 184             
97: 81 142 174 232 78 136 215 65 86 131 1 274             
98: 239 50 140 317 271 137 164 304 217 252 75 92             
99: 303 222 112 29 20 178 233 189 270 310 201 200             
100: 35 46 17 45 194 156 106 65 250 32 174 295             
101: 306 144 202 69 9 83 276 172 122 206 262 288             
102: 229 7 316 265 19 33 167 132 292 181 77 18             
103: 131 175 215 86 53 1 157 251 168 40 142 55             
104: 15 12 289 184 225 315 58 96 109 70 298 171             
105: 259 89 258 16 143 241 209 300 276 187 9 69             
106: 279 43 250 32 62 295 45 161 46 35 100 25             
107: 280 117 27 263 28 147 120 213 54 292 181 256             
108: 57 182 134 287 196 37 150 59 88 155 320 21             
109: 225 171 13 234 12 289 115 104 15 184 58 253             
110: 223 21 146 37 320 196 182 152 180 57 108 73             
111: 42 188 311 36 176 179 124 159 63 319 305 192             
112: 303 222 99 310 178 270 29 307 20 245 200 189             
113: 195 11 2 173 302 242 235 233 151 66 201 243             
114: 80 218 79 87 8 133 73 294 49 56 152 214             
115: 171 109 253 225 13 58 184 183 298 234 12 314             
116: 4 0 286 298 82 58 184 253 104 314 15 96             
117: 28 107 147 27 280 263 118 292 236 213 54 128             
118: 291 147 246 26 128 167 154 193 292 28 139 117             
119: 275 300 123 41 143 231 228 308 169 105 258 267             
120: 256 280 107 23 130 263 181 297 27 117 292 190             
121: 153 22 169 267 10 207 220 165 126 31 209 305             
122: 83 281 318 206 245 76 248 144 101 71 202 166             
123: 41 119 275 300 231 266 169 143 308 207 267 228             
124: 159 36 179 212 188 111 192 42 14 311 319 305             
125: 217 140 264 164 75 50 185 60 92 284 268 158             
126: 165 262 220 10 22 319 187 267 31 209 305 172             
127: 51 55 168 221 157 53 282 251 277 86 103 175             
128: 26 154 118 193 291 147 246 162 260 28 139 141             
129: 200 177 166 210 191 270 281 76 245 178 310 201             
130: 297 23 256 120 190 240 39 254 48 269 224 93             
131: 103 1 175 215 86 274 40 53 232 142 251 157             
132: 138 211 273 229 7 102 265 44 283 139 316 167             
133: 73 87 255 155 114 205 320 80 313 49 196 79             
134: 88 57 108 150 266 37 226 231 59 182 287 196             
135: 235 149 2 302 242 173 47 148 38 113 90 3             
136: 78 232 174 208 141 274 90 97 47 81 1 142             
137: 239 50 75 164 271 95 140 317 98 125 217 264             
138: 211 132 139 84 273 7 229 246 102 167 291 265             
139: 291 246 162 211 193 26 138 118 167 128 84 7             
140: 217 125 50 164 75 264 239 137 92 98 252 185             
141: 208 274 260 154 136 78 1 232 128 193 26 131             
142: 81 97 215 232 86 174 251 131 65 78 103 1             
143: 258 300 228 105 275 119 64 89 72 61 259 247             
144: 101 83 306 69 9 276 206 202 288 278 122 5             
145: 249 95 214 271 8 49 317 137 79 239 34 75             
146: 223 110 21 152 320 196 37 182 73 133 56 114             
147: 118 28 292 117 291 246 167 128 26 107 154 181             
148: 149 47 90 135 242 235 243 173 2 17 156 302             
149: 148 47 135 90 235 242 2 173 243 302 17 113             
150: 59 199 308 231 134 108 287 57 88 72 170 247             
151: 11 243 113 173 195 242 2 235 233 302 20 148             
152: 146 56 218 114 293 52 80 320 223 110 73 133             
153: 207 121 169 22 267 41 10 123 220 165 126 275             
154: 128 26 193 260 141 208 118 162 291 147 274 28             
155: 255 313 205 73 287 133 87 196 320 182 108 272             
156: 46 17 243 100 148 45 149 151 242 173 235 2             
157: 175 282 103 40 168 53 55 51 131 299 251 215             
158: 284 268 185 91 6 301 285 264 227 60 125 204             
159: 36 124 179 192 14 111 188 212 42 311 312 176             
160: 213 54 277 263 27 280 216 221 107 282 299 120             
161: 295 32 25 43 106 279 35 194 62 94 65 100             
162: 193 139 26 128 291 154 246 118 3 84 211 141             
163: 85 198 261 186 296 304 203 74 237 197 238 18             
164: 75 50 137 140 239 125 217 264 271 98 95 60             
165: 126 10 22 267 187 209 241 262 172 16 220 169             
166: 210 129 76 281 177 200 191 270 245 219 206 178             
167: 292 246 7 291 118 147 102 181 139 229 33 26             
168: 53 55 251 86 51 157 215 103 175 131 40 142             
169: 267 22 10 121 153 209 165 16 275 241 123 187             
170: 199 272 59 237 287 247 150 72 313 61 244 308             
171: 13 109 234 225 115 289 12 15 104 184 285 24             
172: 187 241 306 209 9 259 16 69 276 202 262 101             
173: 2 242 235 113 302 135 243 11 195 151 149 148             
174: 97 81 78 232 142 136 90 17 65 47 215 274             
175: 103 131 40 157 1 299 215 53 86 282 236 168             
176: 63 42 248 311 262 111 318 202 71 312 319 306             
177: 191 129 210 166 200 201 270 189 178 66 281 76             
178: 270 310 222 200 189 29 303 129 177 201 245 112             
179: 36 159 192 14 124 111 42 311 188 312 290 176             
180: 226 37 88 21 110 266 134 223 57 182 108 196             
181: 33 292 19 256 167 7 102 254 120 147 107 229             
182: 196 57 320 37 108 21 110 223 287 155 134 255             
183: 314 253 286 298 4 58 115 184 116 225 109 171             
184: 58 298 253 104 4 225 12 289 15 109 286 116             
185: 301 92 158 284 217 224 6 125 252 264 91 269             
186: 296 18 283 261 163 44 198 77 74 85 230 265             
187: 241 209 16 172 259 10 165 267 9 22 126 276             
188: 111 212 305 319 124 31 36 42 159 220 179 176             
189: 201 29 233 178 177 191 270 66 195 20 129 200             
190: 254 93 30 240 297 256 321 130 39 19 33 238             
191: 177 129 210 201 166 66 189 200 38 270 178 76             
192: 14 179 36 159 124 290 311 42 111 312 71 188             
193: 162 26 128 154 291 139 118 246 141 208 260 147             
194: 65 35 94 100 81 32 25 142 295 97 161 17             
195: 113 11 233 302 2 173 151 242 201 235 189 66             
196: 182 320 21 57 37 108 110 223 73 155 255 287             
197: 244 237 34 272 317 85 98 163 170 271 304 205             
198: 261 203 296 74 238 163 30 304 230 321 77 18             
199: 72 308 247 59 150 170 61 231 64 228 287 272             
200: 129 270 177 245 166 310 178 281 210 191 76 189             
201: 189 66 191 177 233 29 195 113 178 302 129 38             
202: 306 101 63 262 172 144 176 248 69 9 318 276             
203: 238 30 74 321 198 261 93 230 296 77 304 18             
204: 60 268 264 227 284 24 158 125 285 75 164 140             
205: 313 255 155 272 133 34 287 73 87 49 237 244             
206: 83 76 122 281 144 166 101 210 278 67 219 288             
207: 153 121 169 41 123 22 267 10 119 275 266 165             
208: 141 274 260 136 1 78 154 232 128 131 193 26             
209: 241 16 187 259 10 172 267 165 22 105 126 169             
210: 166 129 177 76 191 281 200 219 270 245 206 201             
211: 138 132 139 84 7 246 229 167 291 102 273 162             
212: 188 124 159 111 36 305 319 31 179 220 42 192             
213: 54 160 27 263 277 280 107 299 282 236 117 28             
214: 8 79 49 80 114 87 249 218 294 145 133 73             
215: 86 103 251 131 53 142 168 81 175 1 97 232             
216: 309 221 160 277 257 68 48 213 54 263 82 27             
217: 140 125 92 264 50 185 164 252 75 98 239 284             
218: 80 114 294 56 79 8 152 52 293 87 214 133             
219: 210 84 166 76 191 177 129 206 281 38 66 3             
220: 31 305 319 126 165 121 22 262 10 267 188 63             
221: 277 216 160 282 54 127 213 309 157 51 299 40             
222: 303 99 112 178 29 270 310 20 189 200 233 201             
223: 110 21 146 320 37 196 182 152 180 57 73 108             
224: 39 240 92 301 252 185 269 6 93 217 297 91             
225: 109 12 289 171 104 184 15 13 234 58 115 253             
226: 266 180 88 134 37 57 108 41 231 182 21 123             
227: 24 285 268 284 204 158 60 234 264 91 13 6             
228: 64 143 258 61 72 247 300 308 275 119 105 199             
229: 102 265 316 7 19 132 33 167 18 77 211 138             
230: 77 321 238 74 18 296 203 316 261 30 265 198             
231: 308 150 199 119 72 123 134 59 88 41 266 275             
232: 78 136 97 174 274 81 142 1 208 131 141 215             
233: 195 20 29 11 113 189 201 151 302 66 2 173             
234: 13 171 109 285 225 289 12 24 227 15 104 91             
235: 2 173 242 135 302 113 149 148 243 195 11 38             
236: 299 40 28 260 175 282 54 1 213 117 27 131             
237: 244 197 272 34 170 85 163 205 313 317 287 155             
238: 74 321 203 230 30 77 261 296 198 93 18 254             
239: 137 50 271 164 75 98 317 140 95 217 125 264             
240: 39 224 93 190 297 30 252 92 254 130 269 301             
241: 209 187 16 259 172 10 165 267 105 9 22 276             
242: 173 2 235 113 135 302 243 11 149 148 151 195             
243: 151 242 173 2 11 235 148 113 156 149 195 135             
244: 197 237 34 272 317 85 170 205 313 98 163 271             
245: 310 200 281 270 129 307 178 122 166 76 210 177             
246: 291 118 167 139 26 147 128 7 292 193 162 211             
247: 72 61 64 199 308 228 170 231 59 150 143 258             
248: 318 71 312 176 311 63 122 42 202 307 101 306             
249: 145 95 214 49 271 8 317 79 137 34 239 87             
250: 45 106 279 46 62 43 100 32 295 35 161 156             
251: 86 53 168 215 103 55 142 131 157 51 81 175             
252: 92 224 217 39 185 240 140 304 98 125 93 301             
253: 298 58 184 4 286 183 314 115 225 116 109 104             
254: 190 93 321 19 30 33 238 256 230 77 74 203             
255: 155 205 313 73 133 287 87 320 196 182 272 108             
256: 120 181 190 130 297 254 33 19 280 23 292 107             
257: 68 48 309 96 216 23 82 70 315 160 130 0             
258: 143 228 105 300 64 89 61 275 259 119 72 247             
259: 16 241 209 187 105 172 9 276 89 69 10 267             
260: 208 274 141 154 1 236 128 26 28 299 131 40             
261: 198 296 74 203 238 230 77 321 18 163 30 186             
262: 63 126 202 172 165 306 176 319 187 241 101 209             
263: 27 280 213 107 54 160 117 120 28 277 236 299             
264: 125 60 268 284 217 140 204 158 164 75 185 50             
265: 316 229 18 102 77 230 19 132 7 296 283 321             
266: 88 226 134 41 231 123 180 150 57 108 37 119             
267: 22 10 169 209 165 16 241 187 121 126 259 153             
268: 284 60 227 204 158 264 285 24 125 185 91 217             
269: 6 301 91 224 185 39 158 70 240 315 297 130             
270: 178 200 310 129 245 177 222 189 166 281 191 201             
271: 95 317 239 137 50 164 75 98 140 249 197 145             
272: 237 244 170 313 34 205 197 287 155 255 59 199             
273: 44 132 283 67 138 5 278 211 288 265 229 84             
274: 208 1 141 260 232 78 131 136 175 103 154 40             
275: 119 300 123 41 143 228 105 231 169 258 308 267             
276: 9 69 89 288 259 172 144 306 101 241 187 5             
277: 160 221 54 213 282 216 263 27 299 40 157 236             
278: 67 5 288 144 69 276 9 273 89 206 83 101             
279: 106 43 62 250 32 295 161 45 25 46 35 100             
280: 107 263 27 120 117 213 28 54 256 160 181 147             
281: 76 166 129 200 245 210 122 206 83 177 270 310             
282: 40 157 299 175 236 54 277 213 103 131 168 53             
283: 44 186 273 18 265 132 296 77 316 229 230 261             
284: 158 268 264 60 185 227 285 91 125 204 301 6             
285: 227 24 158 284 234 268 91 6 13 60 204 171             
286: 4 298 116 253 58 314 184 183 0 104 82 225             
287: 313 155 108 59 255 205 57 150 182 272 196 170             
288: 5 278 67 69 276 89 9 144 101 273 206 83             
289: 12 15 104 225 109 184 234 315 171 58 13 70             
290: 14 312 307 71 192 311 179 112 42 318 36 248             
291: 246 118 26 139 128 167 147 193 162 154 292 7             
292: 167 181 147 7 33 246 118 19 291 102 117 107             
293: 52 56 294 218 152 114 80 79 146 8 87 214             
294: 218 56 52 80 79 293 114 8 214 152 87 49             
295: 161 32 25 43 106 279 35 194 62 100 94 65             
296: 261 74 18 198 77 230 238 186 203 321 30 265             
297: 130 23 190 256 240 120 39 254 224 93 269 48             
298: 4 58 253 286 184 116 314 183 104 225 0 12             
299: 236 40 282 175 157 54 1 213 131 103 260 28             
300: 275 119 143 228 258 105 123 41 308 231 72 64             
301: 6 269 185 91 224 158 284 92 39 240 252 217             
302: 2 235 173 113 66 135 242 38 195 11 201 233             
303: 222 112 99 178 29 310 270 20 189 200 233 245             
304: 198 203 163 261 98 85 252 30 74 93 238 92             
305: 31 319 220 188 126 262 165 111 63 121 22 176             
306: 202 101 172 144 69 9 276 262 187 63 241 83             
307: 71 312 245 310 318 248 290 122 112 270 200 178             
308: 72 231 199 247 150 61 228 59 64 300 119 143             
309: 216 257 68 82 221 48 160 0 277 96 213 54             
310: 270 245 178 200 222 307 129 112 303 281 177 166             
311: 42 312 71 111 176 248 318 179 36 63 14 192             
312: 71 311 318 307 248 42 290 176 14 122 245 111             
313: 205 155 255 287 272 73 133 34 87 108 170 59             
314: 183 253 286 298 4 58 184 115 116 225 109 104             
315: 70 96 15 104 289 12 68 48 269 91 82 6             
316: 265 229 77 102 19 230 18 33 321 7 238 74             
317: 271 95 239 98 137 197 244 34 50 164 75 237             
318: 248 71 312 122 307 176 311 63 202 42 245 101             
319: 305 31 220 126 188 262 63 165 176 111 22 42             
320: 196 182 21 73 110 223 133 146 155 255 37 57             
321: 238 230 74 77 30 203 93 254 296 261 18 316             
