0: 82 116 4 96 298 286 184        
1: 131 274 175 103 232 260 208        
2: 173 235 242 302 113 135 195        
3: 38 135 162 47 66 302 193        
4: 298 286 116 58 253 184 0        
5: 288 278 67 89 69 276 9        
6: 91 301 269 158 185 284 285        
7: 102 167 229 292 246 33 19        
8: 214 79 80 49 114 218 294        
9: 69 276 89 172 259 306 144        
10: 267 22 165 209 187 241 16        
11: 195 151 113 233 173 2 242        
12: 289 15 104 225 109 184 171        
13: 171 234 109 225 115 289 24        
14: 192 179 290 36 159 311 312        
15: 104 289 12 315 225 96 70        
16: 241 209 259 187 10 105 172        
17: 100 156 46 35 148 174 90        
18: 77 296 230 265 316 74 238        
19: 33 181 316 102 254 229 7        
20: 29 233 99 189 195 222 11        
21: 110 223 37 196 182 320 146        
22: 267 10 165 169 121 126 209        
23: 130 297 48 120 256 257 68        
24: 227 285 268 234 204 13 284        
25: 161 295 32 43 194 35 94        
26: 128 154 193 118 291 246 147        
27: 263 107 280 213 54 117 28        
28: 117 147 107 27 236 118 128        
29: 20 189 233 222 178 99 201        
30: 93 203 238 321 74 230 254        
31: 305 220 319 126 188 165 121        
32: 295 161 25 43 106 279 35        
33: 19 181 102 316 254 292 229        
34: 244 272 197 205 237 313 317        
35: 194 100 65 32 17 295 94        
36: 179 159 124 192 111 14 42        
37: 21 182 57 196 110 223 180        
38: 66 302 135 3 235 191 201        
39: 240 224 93 252 92 190 297        
40: 299 175 236 282 157 103 131        
41: 123 119 275 231 300 266 169        
42: 311 111 176 312 248 63 71        
43: 279 32 295 106 161 62 25        
44: 283 273 186 265 18 132 296        
45: 46 250 106 100 156 279 35        
46: 45 100 156 250 17 106 35        
47: 90 149 148 135 136 235 78        
48: 257 68 23 96 70 315 130        
49: 87 214 79 8 80 114 133        
50: 164 75 137 239 140 125 217        
51: 55 168 53 157 127 251 86        
52: 293 56 294 218 152 114 80        
53: 168 251 86 55 215 103 157        
54: 213 160 27 263 277 299 282        
55: 51 168 53 251 157 86 103        
56: 293 52 218 294 152 114 80        
57: 108 182 134 196 37 287 88        
58: 184 298 253 4 286 225 104        
59: 150 199 287 170 108 308 57        
60: 204 268 264 284 227 125 158        
61: 247 64 72 228 199 308 143        
62: 279 43 106 250 32 295 161        
63: 176 262 202 248 306 42 318        
64: 61 228 247 72 258 143 308        
65: 194 94 35 81 142 97 174        
66: 38 201 302 191 189 113 177        
67: 278 5 288 273 144 206 69        
68: 257 48 96 82 70 315 309        
69: 9 276 89 144 288 172 306        
70: 315 96 15 48 68 104 289        
71: 312 318 248 307 311 42 176        
72: 247 61 308 199 64 228 231        
73: 133 87 255 155 320 205 114        
74: 238 321 230 203 261 77 296        
75: 164 50 137 239 140 125 217        
76: 281 166 210 206 129 83 200        
77: 230 18 321 74 238 296 316        
78: 136 232 174 97 274 208 141        
79: 8 80 214 114 218 49 87        
80: 114 79 218 8 87 294 214        
81: 142 97 174 232 215 86 65        
82: 0 96 68 116 257 104 315        
83: 206 122 144 76 101 281 306        
84: 219 211 138 139 162 132 193        
85: 163 198 304 237 261 197 186        
86: 251 215 53 103 168 142 131        
87: 133 73 49 114 80 255 79        
88: 134 266 226 57 108 37 150        
89: 276 9 69 105 259 288 5        
90: 47 149 148 136 174 78 135        
91: 6 301 269 158 285 284 185        
92: 252 217 185 224 140 125 39        
93: 30 203 190 321 254 238 240        
94: 65 194 251 86 142 81 35        
95: 271 317 137 239 249 145 50        
96: 315 70 68 82 15 48 104        
97: 81 142 174 232 78 136 215        
98: 239 50 140 317 271 137 164        
99: 303 222 112 29 20 178 233        
100: 35 46 17 45 194 156 106        
101: 306 144 202 69 9 83 276        
102: 229 7 316 265 19 33 167        
103: 131 175 215 86 53 1 157        
104: 15 12 289 184 225 315 58        
105: 259 89 258 16 143 241 209        
106: 279 43 250 32 62 295 45        
107: 280 117 27 263 28 147 120        
108: 57 182 134 287 196 37 150        
109: 225 171 13 234 12 289 115        
110: 223 21 146 37 320 196 182        
111: 42 188 311 36 176 179 124        
112: 303 222 99 310 178 270 29        
113: 195 11 2 173 302 242 235        
114: 80 218 79 87 8 133 73        
115: 171 109 253 225 13 58 184        
116: 4 0 286 298 82 58 184        
117: 28 107 147 27 280 263 118        
118: 291 147 246 26 128 167 154        
119: 275 300 123 41 143 231 228        
120: 256 280 107 23 130 263 181        
121: 153 22 169 267 10 207 220        
122: 83 281 318 206 245 76 248        
123: 41 119 275 300 231 266 169        
124: 159 36 179 212 188 111 192        
125: 217 140 264 164 75 50 185        
126: 165 262 220 10 22 319 187        
127: 51 55 168 221 157 53 282        
128: 26 154 118 193 291 147 246        
129: 200 177 166 210 191 270 281        
130: 297 23 256 120 190 240 39        
131: 103 1 175 215 86 274 40        
132: 138 211 273 229 7 102 265        
133: 73 87 255 155 114 205 320        
134: 88 57 108 150 266 37 226        
135: 235 149 2 302 242 173 47        
136: 78 232 174 208 141 274 90        
137: 239 50 75 164 271 95 140        
138: 211 132 139 84 273 7 229        
139: 291 246 162 211 193 26 138        
140: 217 125 50 164 75 264 239        
141: 208 274 260 154 136 78 1        
142: 81 97 215 232 86 174 251        
143: 258 300 228 105 275 119 64        
144: 101 83 306 69 9 276 206        
145: 249 95 214 271 8 49 317        
146: 223 110 21 152 320 196 37        
147: 118 28 292 117 291 246 167        
148: 149 47 90 135 242 235 243        
149: 148 47 135 90 235 242 2        
150: 59 199 308 231 134 108 287        
151: 11 243 113 173 195 242 2        
152: 146 56 218 114 293 52 80        
153: 207 121 169 22 267 41 10        
154: 128 26 193 260 141 208 118        
155: 255 313 205 73 287 133 87        
156: 46 17 243 100 148 45 149        
157: 175 282 103 40 168 53 55        
158: 284 268 185 91 6 301 285        
159: 36 124 179 192 14 111 188        
160: 213 54 277 263 27 280 216        
161: 295 32 25 43 106 279 35        
162: 193 139 26 128 291 154 246        
163: 85 198 261 186 296 304 203        
164: 75 50 137 140 239 125 217        
165: 126 10 22 267 187 209 241        
166: 210 129 76 281 177 200 191        
167: 292 246 7 291 118 147 102        
168: 53 55 251 86 51 157 215        
169: 267 22 10 121 153 209 165        
170: 199 272 59 237 287 247 150        
171: 13 109 234 225 115 289 12        
172: 187 241 306 209 9 259 16        
173: 2 242 235 113 302 135 243        
174: 97 81 78 232 142 136 90        
175: 103 131 40 157 1 299 215        
176: 63 42 248 311 262 111 318        
177: 191 129 210 166 200 201 270        
178: 270 310 222 200 189 29 303        
179: 36 159 192 14 124 111 42        
180: 226 37 88 21 110 266 134        
181: 33 292 19 256 167 7 102        
182: 196 57 320 37 108 21 110        
183: 314 253 286 298 4 58 115        
184: 58 298 253 104 4 225 12        
185: 301 92 158 284 217 224 6        
186: 296 18 283 261 163 44 198        
187: 241 209 16 172 259 10 165        
188: 111 212 305 319 124 31 36        
189: 201 29 233 178 177 191 270        
190: 254 93 30 240 297 256 321        
191: 177 129 210 201 166 66 189        
192: 14 179 36 159 124 290 311        
193: 162 26 128 154 291 139 118        
194: 65 35 94 100 81 32 25        
195: 113 11 233 302 2 173 151        
196: 182 320 21 57 37 108 110        
197: 244 237 34 272 317 85 98        
198: 261 203 296 74 238 163 30        
199: 72 308 247 59 150 170 61        
200: 129 270 177 245 166 310 178        
201: 189 66 191 177 233 29 195        
202: 306 101 63 262 172 144 176        
203: 238 30 74 321 198 261 93        
204: 60 268 264 227 284 24 158        
205: 313 255 155 272 133 34 287        
206: 83 76 122 281 144 166 101        
207: 153 121 169 41 123 22 267        
208: 141 274 260 136 1 78 154        
209: 241 16 187 259 10 172 267        
210: 166 129 177 76 191 281 200        
211: 138 132 139 84 7 246 229        
212: 188 124 159 111 36 305 319        
213: 54 160 27 263 277 280 107        
214: 8 79 49 80 114 87 249        
215: 86 103 251 131 53 142 168        
216: 309 221 160 277 257 68 48        
217: 140 125 92 264 50 185 164        
218: 80 114 294 56 79 8 152        
219: 210 84 166 76 191 177 129        
220: 31 305 319 126 165 121 22        
221: 277 216 160 282 54 127 213        
222: 303 99 112 178 29 270 310        
223: 110 21 146 320 37 196 182        
224: 39 240 92 301 252 185 269        
225: 109 12 289 171 104 184 15        
226: 266 180 88 134 37 57 108        
227: 24 285 268 284 204 158 60        
228: 64 143 258 61 72 247 300        
229: 102 265 316 7 19 132 33        
230: 77 321 238 74 18 296 203        
231: 308 150 199 119 72 123 134        
232: 78 136 97 174 274 81 142        
233: 195 20 29 11 113 189 201        
234: 13 171 109 285 225 289 12        
235: 2 173 242 135 302 113 149        
236: 299 40 28 260 175 282 54        
237: 244 197 272 34 170 85 163        
238: 74 321 203 230 30 77 261        
239: 137 50 271 164 75 98 317        
240: 39 224 93 190 297 30 252        
241: 209 187 16 259 172 10 165        
242: 173 2 235 113 135 302 243        
243: 151 242 173 2 11 235 148        
244: 197 237 34 272 317 85 170        
245: 310 200 281 270 129 307 178        
246: 291 118 167 139 26 147 128        
247: 72 61 64 199 308 228 170        
248: 318 71 312 176 311 63 122        
249: 145 95 214 49 271 8 317        
250: 45 106 279 46 62 43 100        
251: 86 53 168 215 103 55 142        
252: 92 224 217 39 185 240 140        
253: 298 58 184 4 286 183 314        
254: 190 93 321 19 30 33 238        
255: 155 205 313 73 133 287 87        
256: 120 181 190 130 297 254 33        
257: 68 48 309 96 216 23 82        
258: 143 228 105 300 64 89 61        
259: 16 241 209 187 105 172 9        
260: 208 274 141 154 1 236 128        
261: 198 296 74 203 238 230 77        
262: 63 126 202 172 165 306 176        
263: 27 280 213 107 54 160 117        
264: 125 60 268 284 217 140 204        
265: 316 229 18 102 77 230 19        
266: 88 226 134 41 231 123 180        
267: 22 10 169 209 165 16 241        
268: 284 60 227 204 158 264 285        
269: 6 301 91 224 185 39 158        
270: 178 200 310 129 245 177 222        
271: 95 317 239 137 50 164 75        
272: 237 244 170 313 34 205 197        
273: 44 132 283 67 138 5 278        
274: 208 1 141 260 232 78 131        
275: 119 300 123 41 143 228 105        
276: 9 69 89 288 259 172 144        
277: 160 221 54 213 282 216 263        
278: 67 5 288 144 69 276 9        
279: 106 43 62 250 32 295 161        
280: 107 263 27 120 117 213 28        
281: 76 166 129 200 245 210 122        
282: 40 157 299 175 236 54 277        
283: 44 186 273 18 265 132 296        
284: 158 268 264 60 185 227 285        
285: 227 24 158 284 234 268 91        
286: 4 298 116 253 58 314 184        
287: 313 155 108 59 255 205 57        
288: 5 278 67 69 276 89 9        
289: 12 15 104 225 109 184 234        
290: 14 312 307 71 192 311 179        
291: 246 118 26 139 128 167 147        
292: 167 181 147 7 33 246 118        
293: 52 56 294 218 152 114 80        
294: 218 56 52 80 79 293 114        
295: 161 32 25 43 106 279 35        
296: 261 74 18 198 77 230 238        
297: 130 23 190 256 240 120 39        
298: 4 58 253 286 184 116 314        
299: 236 40 282 175 157 54 1        
300: 275 119 143 228 258 105 123        
301: 6 269 185 91 224 158 284        
302: 2 235 173 113 66 135 242        
303: 222 112 99 178 29 310 270        
304: 198 203 163 261 98 85 252        
305: 31 319 220 188 126 262 165        
306: 202 101 172 144 69 9 276        
307: 71 312 245 310 318 248 290        
308: 72 231 199 247 150 61 228        
309: 216 257 68 82 221 48 160        
310: 270 245 178 200 222 307 129        
311: 42 312 71 111 176 248 318        
312: 71 311 318 307 248 42 290        
313: 205 155 255 287 272 73 133        
314: 183 253 286 298 4 58 184        
315: 70 96 15 104 289 12 68        
316: 265 229 77 102 19 230 18        
317: 271 95 239 98 137 197 244        
318: 248 71 312 122 307 176 311        
319: 305 31 220 126 188 262 63        
320: 196 182 21 73 110 223 133        
321: 238 230 74 77 30 203 93        